GIB
2036.2  1674.3  1364.5  1127.1  860.68  537.58     171    56.5       0       0       0       0       0
1842.2  1582.6  1357.7  1166.8  934.72  625.79     194      79       0       0       0       0     180
1733.7  1503.5  1324.2  1161.4  967.16  694.38  395.01     105       0       0       0   128.5  381.83
1676.2    1413  1209.9    1042    1000    1000     900     800     280     103      50  330.43  591.44
1512.3  1225.3  1038.8  897.66  759.81  557.79     175      74     280     300  315.35  504.72  744.27
1250.3  1009.7  882.34  784.09  647.76  433.36    73.5      21       0       0       0  344.87  595.36
951.87  785.91  716.81  630.88  480.51   169.5      51       0       0       0       0       0     137
702.47  649.87  580.77  485.26  328.16      76      20       0       0       0       0       0       0

DMS
1486.9  1288.6  1131.2  961.71  737.24  494.23  339.32  240.77     186     171     173     159     144     135     125
1491.5  1316.5  1146.1  963.85  740.19  489.88  330.25  225.56     176     157     153     143     118     110      91
1421.7  1310.4  1157.8  982.95  777.42  546.52  369.87  215.72     179     151     140     126     107      87    75.5
1248.7  1218.5  1107.2  965.35  797.66  607.25  422.63  252.85     193     149     132     110      97      72    52.5
1005.4  1059.1  1001.2  903.17  781.79  632.94  466.83   322.8  202.47     176     137     110      89      71      46
727.68  828.76  829.05  801.62   739.4     670  502.48  370.03  238.94   179.5     169     184     119      71      56
465.22  562.21  613.31  638.57  644.82     670     670  424.98  299.73  243.63  215.57     177     136      90      63
343.38  404.03  462.64  502.09  534.19  560.78     670  495.38  382.98  291.53     190     168     122     121   106.5
307.65  332.36  377.34  426.26  463.91  501.72     670     670  496.17   416.2  301.91   163.5     132     102      92
302.01  306.65  335.83  369.25  403.33  445.71  490.25     670     670     670  450.22  267.17     156     116      95
309.18  311.65  323.76  342.98  368.12  401.12  446.01  499.87  549.69     670     670  480.03  315.85     163     106
314.65  316.88   321.4  330.74  350.53  381.71  425.58  490.39  549.57  615.11     670  655.67  531.66  327.66     120
 311.1  313.15  316.79  325.47  345.52  376.75  423.03  492.35  557.46  622.33  706.07  774.19  731.21  533.25     172
302.73  308.12  316.88  329.23  346.19  372.18  415.67  484.59  555.78   628.6  733.68  850.01  888.46  736.67  482.96
288.47  302.28  316.15  326.59  337.34  354.11  384.68  447.61  545.87  644.04  764.56  913.46    1016   938.3  739.38
269.01  288.71  303.57  311.79  320.78  333.21  352.84  407.32  528.62  661.98  795.71  968.68    1114    1096  946.61

FBC
1134.9  1160.4  1227.7  1307.3  1327.9  1255.7  1097.4  931.16  805.89  787.76  883.68  957.21  851.14  548.99   303.4   211.4
1075.8  1092.6  1152.6  1260.5  1249.8  1104.7  918.53  801.67   708.7  679.28  746.17  805.07     600     600  535.77   510.1
912.96  992.27  1088.3  1188.5  1070.6  886.65  811.08  775.57  717.97     600     600     600  727.99   735.1   813.4  832.71
578.94  753.88  893.68  909.62  732.79  663.94   704.3     600     600  764.92  839.87  930.41  970.59  977.65  996.23  976.19
   144  488.51  548.73  485.19  417.51  507.13     600  777.76  857.58  926.14  971.77  978.91  925.93  866.32  852.35  889.78
370.55  510.55  436.01     173     145  415.08     600  839.27  936.66  972.19  926.35   779.4  591.75  512.84  571.98  720.16
684.18  652.55  426.41     127   104.5  271.64  543.34  786.46  907.92  913.24  770.04  520.39  342.73  338.17  476.07  659.84
944.56  811.04  488.94   171.5     100     115     187  616.51     870  809.62  590.87  332.25  204.06  227.93  449.67  628.78
  1066  902.39   569.3  284.92     124     105   124.5  459.75     870  696.07  437.22     177     144     196  372.64  530.75
1104.2  942.83  627.83  368.68  207.07     155  286.04     870     870  547.94  275.59     144     168  210.23  299.31  409.55
1115.5  957.17  681.43   469.4  398.44     870     870     870  547.83  362.97   156.5     107  200.81  215.79  257.53  323.14
1085.9  953.78     870     870     870     870  479.45  402.97  295.79     174    99.5      95  201.68  204.75  212.28  271.13
984.88  891.44  798.09  729.93  649.35  503.92  340.87  201.61     181     101       0      74  201.52   201.1  205.66  240.96
842.15  754.15  677.04  593.95  452.46   272.4     184     190     143      73      38      65     200  201.11  201.25  213.48

ROM
4570.1  4591.1  4610.2  4662.5  4696.5  4667.7  4620.9  4640.4  4661.6  4700.7  4760.3  4753.7  4709.9  4692.7  4673.7  4604.3  4510.1  4560.9  4602.3  4575.9  4551.1  4362.3  4149.9  4049.1  4030.4  4664.6
4608.3    4632  4648.4  4693.1  4724.6  4701.9  4613.8  4600.8  4623.1  4684.5    4759  4769.1  4764.6  4738.2    4705  4477.2  4301.4  4347.9    4342  4314.1  4288.7  4070.3  3806.9  3704.1    3676  4646.8
4655.6    4680  4689.1  4720.7  4755.5  4740.8  4652.5  4606.6  4626.9  4709.7  4757.2  4731.8  4675.9  4610.2  4550.8  4265.7    4145  4136.1  4119.6  4154.2  4205.7  4024.8  3754.5  3721.8  3762.6  4462.8
4715.5  4749.4  4764.4  4780.2  4785.1  4757.1  4685.8  4607.9  4608.8  4688.4    4669  4543.6  4402.8    4342  4260.5  3935.4  3773.5  3680.6  3633.8  3640.6  3710.8  3613.9  3406.8  3453.4    3605  4108.7
4777.4  4804.4  4813.8  4804.6  4766.4  4689.6  4622.8  4560.4  4544.1    4593  4535.6  4381.5  4276.1  4201.1  4083.6  3741.7  3631.5    3529  3337.1  3225.7  3251.4  3423.7  3432.3  3500.2  3637.9    3883
4844.5  4829.3  4816.7  4785.2  4717.7  4579.2  4476.3  4478.4  4455.8  4503.7  4500.8  4394.1  4337.6  4212.4  4041.5  3696.9  3620.5  3591.9  3255.8  3198.3  3368.3  3537.2  3582.1  3652.3  3764.7  3852.8
4838.4  4777.7  4766.6  4759.6  4753.1  4671.2  4554.8  4507.4  4382.8  4331.6  4310.9  4211.9  4114.2  3926.2  3752.5    3327  3285.1  3393.2  3183.7  3290.4  3588.5  3698.6  3712.9  3782.9  3853.2  3540.5
4828.4  4763.7  4748.7  4704.2  4660.3  4574.6  4435.5    4356  4242.3  4137.7  4091.2  4071.7    3988  3811.1  3653.9  3377.4    3286  3239.3  3114.8  3298.5  3569.8  3708.9  3763.1  3836.9  3929.3  3536.8
4781.7  4734.3    4702  4649.3  4572.4  4470.8  4379.1  4273.3  4181.5    4112  4088.3  4078.6  3970.4  3787.3  3567.6  3197.2  3152.2  3075.3  3059.6  3248.6  3502.4  3645.9  3721.3  3796.2  3872.3  3371.8
4801.7  4758.4  4641.9  4538.4  4486.8  4412.7  4341.2  4292.3  4189.7  4086.8  4050.4  4008.3  3884.7  3736.8    3557  3371.7    3393  3331.5  3360.6  3514.1  3725.2  3819.6  3893.3  3940.9  3971.4  3424.4
4800.3  4753.9    4630  4531.2  4508.6  4467.2  4408.9  4430.4  4408.7  4329.8    4251    4165    4023    3865  3690.4  3475.3  3355.1  3240.6  3280.2  3450.7  3632.3  3741.1  3836.6  3920.4  3987.4  3561.4
  4712  4673.5  4601.9  4558.5  4547.1  4501.3  4461.7  4485.9  4462.4  4396.8  4278.4    4159  3994.6  3788.2    3576  3294.8  3332.4  3354.1  3504.9  3654.2  3788.2    3911  4027.6  4160.8  4250.6  3332.9
4597.9  4467.4  4343.6  4257.5  4252.6  4240.3  4262.3  4323.4  4278.7    4400    4400    4400    4400    4400    4400    4400    4400    4400    4400    4400  4387.7  4471.2  4574.4  4655.6  4676.8    4400
4521.4  4450.8  4448.7  4433.7  4409.1  4405.9    4400    4400    4400    4400  3789.3  3866.7    4017  3973.8  3941.2  4074.9  4197.6  4277.9  4340.6  4454.7  4585.6  4704.4  4824.7  4897.7  4936.1    3949
4280.2    4146  3987.9    3819  3698.9  3769.9  3566.9  3536.1  3669.9  3730.7  3725.1    3829  3965.7    3956  3942.1  4119.3  4251.9  4340.9  4375.9  4455.9  4601.5  4697.9  4792.1  4872.2  4913.1  3990.1
4017.4  3878.6  3647.2    3362  3208.5  3358.7  3260.6  3323.3  3566.5  3728.9  3803.7  3930.1  4058.9  4088.4  4056.8  4188.9  4345.5  4463.9  4482.9  4495.6  4615.2  4741.5  4872.2  4922.3  4919.5  4079.9
3898.6  3764.4  3554.1    3263  3129.7  3336.1  3292.5  3402.3  3702.1    3891  3990.6  4078.2  4196.5  4244.2  4174.4  4327.5  4499.6  4606.5  4631.9  4657.5  4688.4  4744.2  4820.1  4852.9  4843.4  4188.7
3833.1  3738.6  3536.9  3264.7  3181.4  3354.3  3369.7    3481  3767.9  3986.1  4155.6  4242.8    4276  4312.4  4271.9  4446.7  4542.1  4588.5  4622.5  4695.1  4725.1    4763  4864.7  4961.6    4994  4323.8
3850.4  3771.4  3595.3  3469.7  3555.4  3554.7  3513.5    3546  3731.4  3896.9  4034.5  4136.1  4189.9  4275.2  4378.9  4645.1  4750.1  4821.3  4869.9  4892.5  4908.8    4930  4962.6  5003.1  4984.2  4510.7
3570.7  3464.8  3315.2  3370.2  3574.2  3453.2  3480.1  3648.3  3826.8    3978  4098.7  4231.9  4348.8  4451.4    4572  4836.4  4839.7  4815.6  4839.5  4848.3  4890.2  4967.5    4980  5016.2  5018.4  4714.2
3493.6  3364.8  3180.7    3337  3605.5  3627.9  3695.5  3844.8  4002.2  4120.5  4168.4  4276.2  4379.3    4473  4548.3  4829.7  4864.6  4846.1  4855.3  4843.5  4910.4  5082.6  5143.1  5197.7  5262.9  4687.5

BEM
 0	 0	 0	 0	 0	 0	 0	 0     105  366.68  648.85  846.77  879.64
 0	 0	 0	 0	 0	 0	 0    45.5  309.18  623.36  899.56  1132.2  1251.5
 0	 0	 0	 0	 0	 0	 0     127  420.95  688.45  911.22  1151.1  1366.7
 0	 0	 0	 0	 0	 0    21.5  232.05  465.37  677.48   868.4  1081.3  1319.5
 0	 0	 0	 0	 0	50  205.26  390.42  533.13  688.05  841.88  1000.3  1173.7
 0	 0	 0	 0	 0   255.5  408.63  534.82  595.63  697.87  815.52  929.08  1031.4
 0	 0	 0	 0	 0	 0     147  405.93  485.88  573.04  680.93  811.66  919.71
 0	 0	 0	 0	 0	 0     183  242.82     194     102     133  532.16  716.36
 0	 0	 0	 0	 0     140     140	29	 0	 0	32	34	58
 0	 0	 0	 0	10     140    41.5	 0	 0	 0	 0	 0	 0
 0	 0	 0    33.5     140     140	 0	 0	 0	 0	 0	 0	 0
 0	 0	 6     140     140    42.5	 0	 0	 0	 0	 0	 0	 0
 0    20.5     140     140	61	19	 0	 0	 0	 0	 0	 0	 0
38	53     140	53	31	 0	 0	 0	 0	 0	 0	 0	 0
62     160     140	72	32	 0	 0	 0	 0	 0	 0	 0	 0
73  211.21     103	79	12	 0	 0	 0	 0	 0	 0	 0	 0
61  316.62  252.28    43.5	 0	 0	 0	 0	 0	 0	 0	 0	 0
